There are 1 connected RealSense devices.

Using device 0, an Intel RealSense R200
    Serial number: 2391016026
    Firmware version: 1.0.72.10
1300
1300
1300
1300
1300
1300
1300
666
666
665
665
664
664
664
663
663
664
663
664
664
664
664
664
665
665
665
665
665
665
665
665
665
664
664
664
664
665
665
665
665
664
664
664
664
664
664
665
665
664
665
665
665
665
665
665
665
665
665
665
665
665
665
665
665
665
665
665
665
664
664
664
664
664
664
665
665
664
664
664
664
664
665
665
665
665
665
665
665
665
665
665
665
665
665
665
665
666
665
665
665
665
665
665
665
665
665
665
665
665
665
666
666
666
666
666
666
666
666
666
666
666
666
666
666
666
665
665
665
665
665
665
665
664
664
664
664
664
664
664
664
664
665
664
664
664
664
664
664
664
664
663
663
663
662
662
662
662
662
663
666
669
673
676
678
678
682
687
690
690
690
715
715
715
715
715
715
716
718
719
721
722
723
724
726
727
727
729
730
734
734
734
734
695
695
695
697
697
697
697
701
703
705
706
707
708
709
710
711
715
715
716
716
717
718
719
722
723
725
726
728
728
728
730
730
684
684
683
683
683
683
684
685
686
686
686
687
687
688
688
689
689
712
713
714
714
714
716
718
718
720
721
721
722
722
724
724
724
713
713
713
713
714
717
720
722
722
722
722
697
698
699
699
698
698
698
698
698
700
702
702
703
704
705
705
705
705
1300
1300
1300
1300
1300
1300
1300
1300
1300
1300
1300
1300
1300
1300
1300
1300
1300
1300
1300
1300
1300
1300
1300
1300
1300
1300
1300
1300
1300
1300
1300
1300
1300
1300
1300
1300
696
694
691
691
690
689
689
688
686
685
684
683
682
682
681
679
679
679
679
679
679
678
678
677
676
676
676
677
678
678
709
709
709
708
708
708
708
707
707
707
706
706
705
704
704
703
702
701
700
700
700
700
700
700
714
714
712
712
712
712
711
711
708
707
707
707
707
707
705
703
702
701
699
696
694
694
694
694
694
694
694
1300
1300
1300
1300
663
663
663
662
662
661
661
661
661
661
661
661
661
662
665
665
665
665
663
661
661
660
660
660
657
657
655
655
655
656
657
657
657
657
656
655
654
654
654
654
654
658
660
703
703
704
705
707
709
710
710
710
710
709
709
709
709
711
713
713
713
713
713
713
713
711
711
711
709
708
705
705
705
736
736
736
733
732
732
730
725
720
718
718
717
717
717
715
715
715
713
712
687
683
680
680
680
679
679
679
678
673
670
668
668
668
671
674
675
675
675
674
674
674
674
674
674
674
673
672
672
672
672
671
671
671
671
671
671
671
671
671
671
671
670
670
670
670
669
668
668
668
668
668
668
668
668
668
668
668
668
668
668
668
668
668
668
668
669
669
670
671
672
673
673
673
673
673
672
672
672
672
673
673
673
673
673
672
672
672
672
672
673
673
672
672
672
672
672
672
672
672
672
672
